
	==============================================		
			Example Sheet----range
	==============================================
Q1)  0   1   2    3     4    5     6    7    8    9 

Q2)  10  11  12   13  14  15  16  17  18  19  20

Q3)  1000  1001  1002  1003  1004   1005
--------------------------------------------------------------------------------------
Q4)  10  12  14  16  18  20
Q5)  1000  1010   1020   1040   1060
------------------------------------------------------------------------------------
Q6)  -10  -11  -12   -13  -14  -15
Q7)   -100  -99 -98  -97  -96  -95
------------------------------------------------------------------------------------
Q8)  -100  -105   -110   -115   -120
Q9)  1000  900   800  700 600  500
------------------------------------------------------------------------------------
Q10)  -5 -4  -3  -2  -1  0   1   2  3  4  5
------------------------------------------------------------------------------------